0 1
0.03125 0.9999615297122106
0.0625 0.9999992858860033
0.09375 0.9995114530609613
0.125 0.9994796898950031
0.15625 0.9955989793646571
0.1875 0.9922587119193451
0.21875 0.9782218046941904
0.25 0.8809313225791929
0.28125 0.6684911512928473
0.3125 0.4091411266600861
0.34375 0.1978395913802707
0.375 0.07438280286831937
0.40625 0.02122493266530969
0.4375 0.004389032667296712
0.46875 0.0006014369651991096
0.5 4.572088524629138e-05
0.53125 2.890647129944707e-06
0.5625 1.397593213853116e-06
0.59375 2.807423139603737e-07
0.625 1.64668253113863e-08
0.65625 2.777681718143377e-10
0.6875 3.335396936712332e-10
0.71875 8.634031347954581e-11
0.75 7.703251931343964e-12
0.78125 1.431062838908424e-13
0.8125 2.724272836414276e-13
0.84375 8.53453973562719e-15
0.875 8.905350146972242e-15
0.90625 2.046299614470161e-16
0.9375 3.899768854015192e-16
0.96875 6.78910342773453e-18
1 1.771146910585315e-17
