0 1
0.03125 1
0.0625 0.9999017218376752
0.09375 0.9998956332085878
0.125 0.9988426715226604
0.15625 0.9987803974497045
0.1875 0.9899944793313442
0.21875 0.983383300766678
0.25 0.9577577903481634
0.28125 0.7525253822324546
0.3125 0.4271297548402637
0.34375 0.1654610778459656
0.375 0.03923521259351941
0.40625 0.003978144502170545
0.4375 0.0001204137999898476
0.46875 0.0001244515903873322
0.5 7.894234394315808e-05
0.53125 2.081653117936211e-05
0.5625 1.508906318963251e-06
0.59375 2.261592913478596e-08
0.625 2.096042764619224e-08
0.65625 8.279820564003467e-09
0.6875 3.114821986205608e-09
0.71875 2.60832317455449e-10
0.75 6.484520640552007e-12
0.78125 2.087639847405494e-12
0.8125 8.354635873115714e-13
0.84375 2.711445818449393e-13
0.875 4.588741378769177e-14
0.90625 1.243154946039269e-15
0.9375 6.080461986968923e-16
0.96875 1.985834883406326e-16
1 7.742824223784851e-17
