0 1
0.03125 0.9999960230294239
0.0625 0.9999999999999999
0.09375 0.999868023047552
0.125 0.9998944864649039
0.15625 0.9990463188789186
0.1875 0.9991487409276515
0.21875 0.9910228076658586
0.25 0.9997355070636569
0.28125 0.853508008376429
0.3125 0.1214998249837947
0.34375 0.002012633492395425
0.375 0.00173771422426253
0.40625 0.0006912847165678331
0.4375 0.000408637790307377
0.46875 9.642444446055305e-05
0.5 2.222101872602672e-05
0.53125 4.537463390715804e-06
0.5625 2.036944503331875e-14
0.59375 4.043095730510387e-07
0.625 1.655114879288321e-15
0.65625 2.472803872590024e-08
0.6875 1.230352115793294e-16
0.71875 1.199770511982874e-09
0.75 0
0.78125 3.414100200925516e-11
0.8125 0
0.84375 1.136271440009721e-17
0.875 0
0.90625 0
0.9375 0
0.96875 0
1 0
