0 1
0.03125 0.9714993657071165
0.0625 0.9115965102555641
0.09375 0.8384266607658187
0.125 0.7633869822232601
0.15625 0.6893006849404594
0.1875 0.6180719491534095
0.21875 0.5509191850981846
0.25 0.4885551149086502
0.28125 0.4313250932042469
0.3125 0.3793127243826543
0.34375 0.3324199503564849
0.375 0.2904272791374855
0.40625 0.2530386268406263
0.4375 0.2199142926243053
0.46875 0.190694828945743
0.5 0.1650179690185801
0.53125 0.1425302979666954
0.5625 0.1228949785571702
0.59375 0.1057965462662105
0.625 0.09094355552340438
0.65625 0.07806967627912029
0.6875 0.06693369714526155
0.71875 0.05731877996597546
0.75 0.04903122415973866
0.78125 0.04189893226381056
0.8125 0.03576971661291302
0.84375 0.03050954766697386
0.875 0.02600081452936746
0.90625 0.0221406455801319
0.9375 0.01883932024047269
0.96875 0.01601879038771571
1 0.01460659815908668
