0 0.9999999999999563
0.03125 0.9999980503400594
0.0625 0.9999877523552066
0.09375 0.9999639659105668
0.125 0.9996768848685582
0.15625 0.9994539130357585
0.1875 0.9937170591012653
0.21875 0.9870913674244953
0.25 0.9469210335964633
0.28125 0.650683723711534
0.3125 0.2348223216761014
0.34375 0.02573661868402787
0.375 0.0014165406345097
0.40625 0.001308201372115428
0.4375 0.0009550011090951245
0.46875 0.0004130066792206177
0.5 3.120667141769833e-05
0.53125 1.198198762429037e-06
0.5625 9.388138465162317e-07
0.59375 4.775709569457445e-07
0.625 2.544570326886155e-07
0.65625 4.264847890815518e-09
0.6875 1.658571742479708e-09
0.71875 1.152138223593498e-09
0.75 3.097018205830571e-10
0.78125 1.135486508467876e-10
0.8125 1.428872589760864e-11
0.84375 9.227430783556239e-12
0.875 1.65107363979332e-12
0.90625 8.055132351537464e-13
0.9375 2.031846744986201e-13
0.96875 7.011767374781182e-14
1 3.667406425471552e-14
