0 1
0.03125 0.9999303781612986
0.0625 0.9999751741217763
0.09375 0.9995107179494163
0.125 0.9982527698078889
0.15625 0.9932735425525587
0.1875 0.9658941959129769
0.21875 0.8887669207418137
0.25 0.7517072406349415
0.28125 0.5749094828575644
0.3125 0.3957309932606297
0.34375 0.2458207476133959
0.375 0.1387023763727986
0.40625 0.07167287537182827
0.4375 0.03421628664405271
0.46875 0.01522406691679859
0.5 0.006367552197481889
0.53125 0.002524398876693726
0.5625 0.0009562037900435021
0.59375 0.000348712656493063
0.625 0.0001233278171550257
0.65625 4.258692652752644e-05
0.6875 1.444764251407235e-05
0.71875 4.841475228773197e-06
0.75 1.609847346630124e-06
0.78125 5.330333393962969e-07
0.8125 1.762022303827366e-07
0.84375 5.824110175294451e-08
0.875 1.927665825480231e-08
0.90625 6.37786657875162e-09
0.9375 2.128344972946506e-09
0.96875 6.897358166993874e-10
1 2.535548621672957e-10
