0 1
0.03125 1
0.0625 0.9999063478928988
0.09375 0.999890757433201
0.125 0.9992637856537598
0.15625 0.9979906563565136
0.1875 0.9967217669977838
0.21875 0.9760469567261947
0.25 0.9757671450144462
0.28125 0.831854113744278
0.3125 0.4410891572477865
0.34375 0.1280791434355733
0.375 0.01307050482098791
0.40625 0.0003781861583642512
0.4375 0.0003819178768262174
0.46875 0.0002577893010174721
0.5 0.000110360338485634
0.53125 9.838478050736142e-06
0.5625 1.290695520971537e-07
0.59375 1.37343216771082e-07
0.625 4.622129112315049e-08
0.65625 3.345996616931664e-08
0.6875 2.691454234908969e-09
0.71875 4.032629262289079e-11
0.75 4.184333907581772e-11
0.78125 1.547419331273953e-11
0.8125 9.400951384439907e-12
0.84375 6.240772429544731e-13
0.875 1.299734186353555e-14
0.90625 1.222382743603306e-14
0.9375 3.597709065575325e-15
0.96875 1.239978997568997e-15
1 2.203921413426723e-16
