0 1
0.03125 0.998233710992979
0.0625 0.9856687137254786
0.09375 0.9516469699722883
0.125 0.895453964449514
0.15625 0.819351699260528
0.1875 0.7316802182553696
0.21875 0.6394365418472981
0.25 0.5483489044711767
0.28125 0.4644252712251168
0.3125 0.3890874433754832
0.34375 0.3228540069281398
0.375 0.2656168341335357
0.40625 0.2168629391172693
0.4375 0.1758437103585906
0.46875 0.1416981517189993
0.5 0.1135383919425586
0.53125 0.09050568755047003
0.5625 0.07180427637418886
0.59375 0.05671924004189989
0.625 0.04462328902508719
0.65625 0.03497624167319659
0.6875 0.02731999355331206
0.71875 0.0212709813395533
0.75 0.01651152638716958
0.78125 0.01278097475532915
0.8125 0.009867206631013184
0.84375 0.007598843234443281
0.875 0.005838310517553012
0.90625 0.004475807101057156
0.9375 0.003424153448856506
0.96875 0.002614458165232088
1 0.002147309025543033
