0 1
0.001001001001001001 1
0.002002002002002002 1
0.003003003003003003 1
0.004004004004004004 1
0.005005005005005005 1
0.006006006006006006 1
0.007007007007007007 1
0.008008008008008008 1
0.009009009009009009 1
0.01001001001001001 1
0.01101101101101101 1
0.01201201201201201 1
0.01301301301301301 1
0.01401401401401401 1
0.01501501501501501 1
0.01601601601601602 1
0.01701701701701702 1
0.01801801801801802 1
0.01901901901901902 1
0.02002002002002002 1
0.02102102102102102 1
0.02202202202202202 1
0.02302302302302302 1
0.02402402402402402 1
0.02502502502502502 1
0.02602602602602603 1
0.02702702702702703 1
0.02802802802802803 1
0.02902902902902903 1
0.03003003003003003 1
0.03103103103103103 1
0.03203203203203203 1
0.03303303303303303 1
0.03403403403403403 1
0.03503503503503504 1
0.03603603603603604 1
0.03703703703703703 1
0.03803803803803804 1
0.03903903903903904 1
0.04004004004004004 1
0.04104104104104104 1
0.04204204204204204 1
0.04304304304304304 1
0.04404404404404404 1
0.04504504504504504 1
0.04604604604604605 1
0.04704704704704705 1
0.04804804804804805 1
0.04904904904904905 1
0.05005005005005005 1
0.05105105105105105 1
0.05205205205205205 1
0.05305305305305305 1
0.05405405405405406 1
0.05505505505505506 1
0.05605605605605606 1
0.05705705705705705 1
0.05805805805805805 1
0.05905905905905906 1
0.06006006006006006 1
0.06106106106106106 1
0.06206206206206206 1
0.06306306306306306 1
0.06406406406406406 1
0.06506506506506507 1
0.06606606606606606 1
0.06706706706706707 1
0.06806806806806806 1
0.06906906906906907 1
0.07007007007007007 1
0.07107107107107107 1
0.07207207207207207 1
0.07307307307307308 1
0.07407407407407407 1
0.07507507507507508 1
0.07607607607607608 1
0.07707707707707707 1
0.07807807807807808 1
0.07907907907907907 1
0.08008008008008008 1
0.08108108108108109 1
0.08208208208208208 1
0.08308308308308308 1
0.08408408408408408 1
0.08508508508508508 1
0.08608608608608609 1
0.08708708708708708 1
0.08808808808808809 1
0.08908908908908909 1
0.09009009009009009 1
0.09109109109109109 1
0.0920920920920921 1
0.09309309309309309 1
0.0940940940940941 1
0.09509509509509509 1
0.0960960960960961 1
0.0970970970970971 1
0.09809809809809809 1
0.0990990990990991 1
0.1001001001001001 1
0.1011011011011011 1
0.1021021021021021 1
0.1031031031031031 1
0.1041041041041041 1
0.1051051051051051 1
0.1061061061061061 1
0.1071071071071071 1
0.1081081081081081 1
0.1091091091091091 1
0.1101101101101101 1
0.1111111111111111 1
0.1121121121121121 1
0.1131131131131131 1
0.1141141141141141 1
0.1151151151151151 1
0.1161161161161161 1
0.1171171171171171 1
0.1181181181181181 1
0.1191191191191191 1
0.1201201201201201 1
0.1211211211211211 1
0.1221221221221221 1
0.1231231231231231 1
0.1241241241241241 1
0.1251251251251251 1
0.1261261261261261 1
0.1271271271271271 1
0.1281281281281281 1
0.1291291291291291 1
0.1301301301301301 1
0.1311311311311311 1
0.1321321321321321 1
0.1331331331331331 1
0.1341341341341341 1
0.1351351351351351 1
0.1361361361361361 1
0.1371371371371371 1
0.1381381381381381 1
0.1391391391391391 1
0.1401401401401401 1
0.1411411411411412 1
0.1421421421421421 1
0.1431431431431431 1
0.1441441441441441 1
0.1451451451451451 1
0.1461461461461462 1
0.1471471471471471 1
0.1481481481481481 1
0.1491491491491491 1
0.1501501501501502 1
0.1511511511511512 1
0.1521521521521522 1
0.1531531531531531 1
0.1541541541541541 1
0.1551551551551552 1
0.1561561561561562 1
0.1571571571571572 1
0.1581581581581581 1
0.1591591591591592 1
0.1601601601601602 1
0.1611611611611612 1
0.1621621621621622 1
0.1631631631631631 1
0.1641641641641642 1
0.1651651651651652 1
0.1661661661661662 1
0.1671671671671672 1
0.1681681681681682 1
0.1691691691691692 1
0.1701701701701702 1
0.1711711711711712 1
0.1721721721721722 1
0.1731731731731732 1
0.1741741741741742 1
0.1751751751751752 1
0.1761761761761762 1
0.1771771771771772 1
0.1781781781781782 1
0.1791791791791792 1
0.1801801801801802 1
0.1811811811811812 1
0.1821821821821822 1
0.1831831831831832 1
0.1841841841841842 1
0.1851851851851852 1
0.1861861861861862 1
0.1871871871871872 1
0.1881881881881882 1
0.1891891891891892 1
0.1901901901901902 1
0.1911911911911912 1
0.1921921921921922 1
0.1931931931931932 1
0.1941941941941942 1
0.1951951951951952 1
0.1961961961961962 1
0.1971971971971972 1
0.1981981981981982 1
0.1991991991991992 1
0.2002002002002002 1
0.2012012012012012 1
0.2022022022022022 1
0.2032032032032032 1
0.2042042042042042 1
0.2052052052052052 1
0.2062062062062062 1
0.2072072072072072 1
0.2082082082082082 1
0.2092092092092092 1
0.2102102102102102 1
0.2112112112112112 1
0.2122122122122122 1
0.2132132132132132 1
0.2142142142142142 1
0.2152152152152152 1
0.2162162162162162 1
0.2172172172172172 1
0.2182182182182182 1
0.2192192192192192 1
0.2202202202202202 1
0.2212212212212212 1
0.2222222222222222 1
0.2232232232232232 1
0.2242242242242242 1
0.2252252252252252 1
0.2262262262262262 1
0.2272272272272272 1
0.2282282282282282 1
0.2292292292292292 1
0.2302302302302302 1
0.2312312312312312 1
0.2322322322322322 1
0.2332332332332332 1
0.2342342342342342 1
0.2352352352352352 1
0.2362362362362362 1
0.2372372372372372 1
0.2382382382382382 1
0.2392392392392392 1
0.2402402402402402 1
0.2412412412412412 1
0.2422422422422423 1
0.2432432432432432 1
0.2442442442442442 1
0.2452452452452452 1
0.2462462462462462 1
0.2472472472472473 1
0.2482482482482483 1
0.2492492492492492 1
0.2502502502502503 1
0.2512512512512513 1
0.2522522522522522 1
0.2532532532532533 1
0.2542542542542542 1
0.2552552552552553 1
0.2562562562562563 1
0.2572572572572572 1
0.2582582582582583 1
0.2592592592592592 1
0.2602602602602603 1
0.2612612612612613 1
0.2622622622622622 1
0.2632632632632633 1
0.2642642642642642 1
0.2652652652652653 1
0.2662662662662663 1
0.2672672672672672 1
0.2682682682682683 1
0.2692692692692693 1
0.2702702702702703 1
0.2712712712712713 1
0.2722722722722722 1
0.2732732732732733 1
0.2742742742742743 1
0.2752752752752753 1
0.2762762762762763 1
0.2772772772772773 1
0.2782782782782783 1
0.2792792792792793 1
0.2802802802802803 1
0.2812812812812813 1
0.2822822822822823 1
0.2832832832832833 1
0.2842842842842843 1
0.2852852852852853 1
0.2862862862862863 1
0.2872872872872873 1
0.2882882882882883 1
0.2892892892892893 1
0.2902902902902903 1
0.2912912912912913 1
0.2922922922922923 1
0.2932932932932933 1
0.2942942942942943 1
0.2952952952952953 1
0.2962962962962963 1
0.2972972972972973 1
0.2982982982982983 1
0.2992992992992993 1
0.3003003003003003 1
0.3013013013013013 1
0.3023023023023023 1
0.3033033033033033 1
0.3043043043043043 1
0.3053053053053053 1
0.3063063063063063 1
0.3073073073073073 1
0.3083083083083083 1
0.3093093093093093 1
0.3103103103103103 1
0.3113113113113113 1
0.3123123123123123 1
0.3133133133133133 1
0.3143143143143143 1
0.3153153153153153 1
0.3163163163163163 1
0.3173173173173173 1
0.3183183183183183 1
0.3193193193193193 1
0.3203203203203203 1
0.3213213213213213 1
0.3223223223223223 1
0.3233233233233233 1
0.3243243243243243 1
0.3253253253253253 1
0.3263263263263263 1
0.3273273273273273 1
0.3283283283283283 1
0.3293293293293293 1
0.3303303303303303 1
0.3313313313313313 1
0.3323323323323323 1
0.3333333333333333 1
0.3343343343343343 1
0.3353353353353353 1
0.3363363363363363 1
0.3373373373373373 1
0.3383383383383383 1
0.3393393393393394 1
0.3403403403403403 1
0.3413413413413414 1
0.3423423423423423 1
0.3433433433433433 1
0.3443443443443444 1
0.3453453453453453 1
0.3463463463463464 1
0.3473473473473473 1
0.3483483483483483 1
0.3493493493493494 1
0.3503503503503503 1
0.3513513513513514 1
0.3523523523523523 1
0.3533533533533533 1
0.3543543543543544 1
0.3553553553553553 1
0.3563563563563564 1
0.3573573573573574 1
0.3583583583583583 1
0.3593593593593594 1
0.3603603603603603 1
0.3613613613613614 1
0.3623623623623624 1
0.3633633633633633 1
0.3643643643643644 1
0.3653653653653653 1
0.3663663663663664 1
0.3673673673673674 1
0.3683683683683684 1
0.3693693693693694 1
0.3703703703703703 1
0.3713713713713714 1
0.3723723723723724 1
0.3733733733733734 1
0.3743743743743744 1
0.3753753753753754 1
0.3763763763763764 1
0.3773773773773774 1
0.3783783783783784 1
0.3793793793793794 1
0.3803803803803804 1
0.3813813813813814 1
0.3823823823823824 1
0.3833833833833834 1
0.3843843843843844 1
0.3853853853853854 1
0.3863863863863864 1
0.3873873873873874 1
0.3883883883883884 1
0.3893893893893894 1
0.3903903903903904 1
0.3913913913913914 1
0.3923923923923924 1
0.3933933933933934 1
0.3943943943943944 1
0.3953953953953954 1
0.3963963963963964 1
0.3973973973973974 1
0.3983983983983984 1
0.3993993993993994 1
0.4004004004004004 1
0.4014014014014014 1
0.4024024024024024 1
0.4034034034034034 1
0.4044044044044044 1
0.4054054054054054 1
0.4064064064064064 1
0.4074074074074074 1
0.4084084084084084 1
0.4094094094094094 1
0.4104104104104104 1
0.4114114114114114 1
0.4124124124124124 1
0.4134134134134134 1
0.4144144144144144 1
0.4154154154154154 1
0.4164164164164164 1
0.4174174174174174 1
0.4184184184184184 1
0.4194194194194194 1
0.4204204204204204 1
0.4214214214214214 1
0.4224224224224224 1
0.4234234234234234 1
0.4244244244244244 1
0.4254254254254254 1
0.4264264264264264 1
0.4274274274274274 1
0.4284284284284284 1
0.4294294294294294 1
0.4304304304304304 1
0.4314314314314314 1
0.4324324324324325 1
0.4334334334334334 1
0.4344344344344344 1
0.4354354354354354 1
0.4364364364364364 1
0.4374374374374375 1
0.4384384384384384 1
0.4394394394394394 1
0.4404404404404405 1
0.4414414414414414 1
0.4424424424424425 1
0.4434434434434434 1
0.4444444444444444 1
0.4454454454454455 1
0.4464464464464464 1
0.4474474474474475 1
0.4484484484484484 1
0.4494494494494494 1
0.4504504504504505 1
0.4514514514514514 1
0.4524524524524525 1
0.4534534534534534 1
0.4544544544544544 1
0.4554554554554555 1
0.4564564564564564 1
0.4574574574574575 1
0.4584584584584585 1
0.4594594594594594 1
0.4604604604604605 1
0.4614614614614614 1
0.4624624624624625 1
0.4634634634634635 1
0.4644644644644644 1
0.4654654654654655 1
0.4664664664664664 1
0.4674674674674675 1
0.4684684684684685 1
0.4694694694694695 1
0.4704704704704705 1
0.4714714714714714 1
0.4724724724724725 1
0.4734734734734735 1
0.4744744744744745 1
0.4754754754754755 1
0.4764764764764765 1
0.4774774774774775 1
0.4784784784784785 1
0.4794794794794795 1
0.4804804804804805 1
0.4814814814814815 1
0.4824824824824825 1
0.4834834834834835 1
0.4844844844844845 1
0.4854854854854855 1
0.4864864864864865 1
0.4874874874874875 1
0.4884884884884885 1
0.4894894894894895 1
0.4904904904904905 1
0.4914914914914915 1
0.4924924924924925 1
0.4934934934934935 1
0.4944944944944945 1
0.4954954954954955 1
0.4964964964964965 1
0.4974974974974975 1
0.4984984984984985 1
0.4994994994994995 1
0.5005005005005005 0.995007499162706
0.5015015015015015 0.9850971482435443
0.5025025025025025 0.9752855051787693
0.5035035035035035 0.9655715868305892
0.5045045045045045 0.95595441985334
0.5055055055055055 0.946433040595954
0.5065065065065065 0.9370064950054053
0.5075075075075075 0.927673838531106
0.5085085085085085 0.9184341360302651
0.5095095095095095 0.9092864616741861
0.5105105105105106 0.9002298988554958
0.5115115115115115 0.8912635400963037
0.5125125125125125 0.8823864869572656
0.5135135135135135 0.8735978499475633
0.5145145145145145 0.8648967484357748
0.5155155155155156 0.856282310561634
0.5165165165165165 0.8477536731486724
0.5175175175175175 0.8393099816177227
0.5185185185185185 0.8309503899012922
0.5195195195195195 0.8226740603587855
0.5205205205205206 0.8144801636925707
0.5215215215215215 0.8063678788648865
0.5225225225225225 0.798336393015568
0.5235235235235235 0.7903849013806007
0.5245245245245245 0.7825126072114812
0.5255255255255256 0.7747187216953816
0.5265265265265265 0.7670024638761125
0.5275275275275275 0.7593630605758657
0.5285285285285285 0.7517997463177438
0.5295295295295295 0.7443117632490582
0.5305305305305306 0.7368983610653901
0.5315315315315315 0.7295587969354127
0.5325325325325325 0.7222923354264538
0.5335335335335335 0.7150982484308074
0.5345345345345345 0.7079758150927766
0.5355355355355356 0.7009243217364413
0.5365365365365365 0.6939430617941504
0.5375375375375375 0.6870313357357191
0.5385385385385385 0.6801884509983368
0.5395395395395395 0.6734137219171722
0.5405405405405406 0.666706469656667
0.5415415415415415 0.6600660221425196
0.5425425425425425 0.6534917139943377
0.5435435435435435 0.6469828864589693
0.5445445445445445 0.6405388873444943
0.5455455455455456 0.6341590709548732
0.5465465465465466 0.6278427980252512
0.5475475475475475 0.6215894356578977
0.5485485485485485 0.615398357258793
0.5495495495495496 0.6092689424748411
0.5505505505505506 0.6032005771317123
0.5515515515515516 0.5971926531722984
0.5525525525525525 0.5912445685957872
0.5535535535535535 0.5853557273973407
0.5545545545545546 0.579525539508374
0.5555555555555556 0.5737534207374326
0.5565565565565566 0.5680387927116518
0.5575575575575575 0.5623810828188052
0.5585585585585585 0.5567797241499284
0.5595595595595596 0.5512341554425129
0.5605605605605606 0.5457438210242698
0.5615615615615616 0.5403081707574467
0.5625625625625625 0.5349266599837063
0.5635635635635635 0.5295987494695498
0.5645645645645646 0.5243239053522847
0.5655655655655656 0.5191015990865339
0.5665665665665666 0.5139313073912707
0.5675675675675675 0.5088125121973883
0.5685685685685685 0.5037447005957877
0.5695695695695696 0.4987273647859835
0.5705705705705706 0.4937600020252234
0.5715715715715716 0.48884211457811
0.5725725725725725 0.4839732096667291
0.5735735735735735 0.4791527994212723
0.5745745745745746 0.4743804008311512
0.5755755755755756 0.4696555356966016
0.5765765765765766 0.4649777305807639
0.5775775775775776 0.4603465167622465
0.5785785785785785 0.4557614301881587
0.5795795795795796 0.4512220114276116
0.5805805805805806 0.446727805625685
0.5815815815815816 0.4422783624578465
0.5825825825825826 0.4378732360848314
0.5835835835835835 0.4335119851079681
0.5845845845845846 0.4291941725249493
0.5855855855855856 0.4249193656860453
0.5865865865865866 0.4206871362507497
0.5875875875875876 0.4164970601448607
0.5885885885885885 0.4123487175179879
0.5895895895895896 0.4082416927014827
0.5905905905905906 0.4041755741667895
0.5915915915915916 0.400149954484207
0.5925925925925926 0.3961644302820657
0.5935935935935935 0.3922186022063086
0.5945945945945946 0.3883120748804755
0.5955955955955956 0.384444456866087
0.5965965965965966 0.38061536062342
0.5975975975975976 0.3768244024726769
0.5985985985985985 0.3730712025555404
0.5995995995995996 0.3693553847971108
0.6006006006006006 0.3656765768682242
0.6016016016016016 0.3620344101481427
0.6026026026026026 0.3584285196876196
0.6036036036036035 0.3548585441723304
0.6046046046046046 0.3513241258866689
0.6056056056056056 0.3478249106779047
0.6066066066066066 0.3443605479206945
0.6076076076076076 0.3409306904819509
0.6086086086086087 0.3375349946860581
0.6096096096096096 0.334173120280437
0.6106106106106106 0.330844730401449
0.6116116116116116 0.3275494915406435
0.6126126126126126 0.3242870735113398
0.6136136136136137 0.3210571494155415
0.6146146146146146 0.317859395611182
0.6156156156156156 0.3146934916796938
0.6166166166166166 0.3115591203939031
0.6176176176176176 0.3084559676862429
0.6186186186186187 0.3053837226172832
0.6196196196196196 0.3023420773445752
0.6206206206206206 0.2993307270918038
0.6216216216216216 0.2963493701182495
0.6226226226226226 0.2933977076885534
0.6236236236236237 0.2904754440427836
0.6246246246246246 0.2875822863668006
0.6256256256256256 0.2847179447629151
0.6266266266266266 0.2818821322208414
0.6276276276276276 0.2790745645889383
0.6286286286286287 0.2762949605457363
0.6296296296296297 0.2735430415717504
0.6306306306306306 0.2708185319215697
0.6316316316316316 0.2681211585962295
0.6326326326326326 0.2654506513158554
0.6336336336336337 0.2628067424925811
0.6346346346346347 0.2601891672037366
0.6356356356356356 0.2575976631653014
0.6366366366366366 0.2550319707056241
0.6376376376376376 0.2524918327394028
0.6386386386386387 0.2499769947419247
0.6396396396396397 0.2474872047235634
0.6406406406406406 0.2450222132045278
0.6416416416416416 0.2425817731898647
0.6426426426426426 0.2401656401447097
0.6436436436436437 0.2377735719697841
0.6446446446446447 0.2354053289771373
0.6456456456456456 0.2330606738661283
0.6466466466466466 0.2307393716996489
0.6476476476476476 0.2284411898805826
0.6486486486486487 0.2261658981284976
0.6496496496496497 0.2239132684565736
0.6506506506506506 0.2216830751487559
0.6516516516516516 0.2194750947371391
0.6526526526526526 0.2172891059795753
0.6536536536536537 0.2151248898375052
0.6546546546546547 0.2129822294540109
0.6556556556556556 0.2108609101320854
0.6566566566566566 0.2087607193131205
0.6576576576576576 0.206681446555608
0.6586586586586587 0.2046228835140531
0.6596596596596597 0.2025848239180989
0.6606606606606606 0.200567063551856
0.6616616616616616 0.1985694002334415
0.6626626626626626 0.1965916337947193
0.6636636636636637 0.1946335660612433
0.6646646646646647 0.1926950008324004
0.6656656656656657 0.1907757438617502
0.6666666666666666 0.1888756028375619
0.6676676676676676 0.1869943873635443
0.6686686686686687 0.1851319089397676
0.6696696696696697 0.1832879809437763
0.6706706706706707 0.1814624186118884
0.6716716716716716 0.1796550390206824
0.6726726726726726 0.1778656610686681
0.6736736736736737 0.1760941054581398
0.6746746746746747 0.1743401946772115
0.6756756756756757 0.1726037529820282
0.6766766766766766 0.1708846063791578
0.6776776776776777 0.1691825826081555
0.6786786786786787 0.1674975111243046
0.6796796796796797 0.1658292230815261
0.6806806806806807 0.1641775513154612
0.6816816816816816 0.1625423303267209
0.6826826826826827 0.1609233962643025
0.6836836836836837 0.1593205869091724
0.6846846846846847 0.1577337416580106
0.6856856856856857 0.1561627015071186
0.6866866866866866 0.1546073090364868
0.6876876876876877 0.1530674083940209
0.6886886886886887 0.1515428452799259
0.6896896896896897 0.1500334669312441
0.6906906906906907 0.1485391221065485
0.6916916916916916 0.1470596610707886
0.6926926926926927 0.1455949355802862
0.6936936936936937 0.144144798867882
0.6946946946946947 0.1427091056282282
0.6956956956956957 0.1412877120032298
0.6966966966966966 0.1398804755676294
0.6976976976976977 0.1384872553147357
0.6986986986986987 0.1371079116422955
0.6996996996996997 0.1357423063385044
0.7007007007007007 0.134390302568158
0.7017017017017017 0.1330517648589413
0.7027027027027027 0.1317265590878535
0.7037037037037037 0.1304145524677698
0.7047047047047047 0.129115613534135
0.7057057057057057 0.1278296121317909
0.7067067067067067 0.1265564194019348
0.7077077077077077 0.125295907769207
0.7087087087087087 0.1240479509289092
0.7097097097097097 0.1228124238343466
0.7107107107107107 0.1215892026842996
0.7117117117117117 0.1203781649106181
0.7127127127127127 0.1191791891659398
0.7137137137137137 0.1179921553115321
0.7147147147147147 0.116816944405253
0.7157157157157157 0.1156534386896334
0.7167167167167167 0.1145015215800774
0.7177177177177178 0.1133610776531808
0.7187187187187187 0.1122319926351656
0.7197197197197197 0.1111141533904291
0.7207207207207207 0.1100074479102077
0.7217217217217217 0.1089117653013541
0.7227227227227228 0.1078269957752247
0.7237237237237237 0.1067530306366798
0.7247247247247247 0.1056897622731913
0.7257257257257257 0.1046370841440601
0.7267267267267267 0.1035948907697408
0.7277277277277278 0.1025630777212719
0.7287287287287287 0.101541541609813
0.7297297297297297 0.1005301800762842
0.7307307307307307 0.09952889178110966
0.7317317317317317 0.09853757639406377
0.7327327327327328 0.09755613458421737
0.7337337337337337 0.09658446800998538
0.7347347347347347 0.09562247930927208
0.7357357357357357 0.09467007208971585
0.7367367367367368 0.09372715091903018
0.7377377377377378 0.09279362131544183
0.7387387387387387 0.09186938973822287
0.7397397397397397 0.09095436357831836
0.7407407407407407 0.09004845114906668
0.7417417417417418 0.08915156167701214
0.7427427427427428 0.08826360529281009
0.7437437437437437 0.08738449302222095
0.7447447447447447 0.08651413677719566
0.7457457457457457 0.08565244934704883
0.7467467467467468 0.08479934438971999
0.7477477477477478 0.08395473642312262
0.7487487487487487 0.08311854081657792
0.7497497497497497 0.08229067378233533
0.7507507507507507 0
0.7517517517517518 0
0.7527527527527528 0
0.7537537537537538 0
0.7547547547547547 0
0.7557557557557557 0
0.7567567567567568 0
0.7577577577577578 0
0.7587587587587588 0
0.7597597597597597 0
0.7607607607607607 0
0.7617617617617618 0
0.7627627627627628 0
0.7637637637637638 0
0.7647647647647647 0
0.7657657657657657 0
0.7667667667667668 0
0.7677677677677678 0
0.7687687687687688 0
0.7697697697697697 0
0.7707707707707707 0
0.7717717717717718 0
0.7727727727727728 0
0.7737737737737738 0
0.7747747747747747 0
0.7757757757757757 0
0.7767767767767768 0
0.7777777777777778 0
0.7787787787787788 0
0.7797797797797797 0
0.7807807807807807 0
0.7817817817817818 0
0.7827827827827828 0
0.7837837837837838 0
0.7847847847847848 0
0.7857857857857857 0
0.7867867867867868 0
0.7877877877877878 0
0.7887887887887888 0
0.7897897897897898 0
0.7907907907907907 0
0.7917917917917918 0
0.7927927927927928 0
0.7937937937937938 0
0.7947947947947948 0
0.7957957957957957 0
0.7967967967967968 0
0.7977977977977978 0
0.7987987987987988 0
0.7997997997997998 0
0.8008008008008007 0
0.8018018018018018 0
0.8028028028028028 0
0.8038038038038038 0
0.8048048048048048 0
0.8058058058058059 0
0.8068068068068068 0
0.8078078078078078 0
0.8088088088088088 0
0.8098098098098098 0
0.8108108108108109 0
0.8118118118118118 0
0.8128128128128128 0
0.8138138138138138 0
0.8148148148148148 0
0.8158158158158159 0
0.8168168168168168 0
0.8178178178178178 0
0.8188188188188188 0
0.8198198198198198 0
0.8208208208208209 0
0.8218218218218218 0
0.8228228228228228 0
0.8238238238238238 0
0.8248248248248248 0
0.8258258258258259 0
0.8268268268268268 0
0.8278278278278278 0
0.8288288288288288 0
0.8298298298298298 0
0.8308308308308309 0
0.8318318318318318 0
0.8328328328328328 0
0.8338338338338338 0
0.8348348348348348 0
0.8358358358358359 0
0.8368368368368369 0
0.8378378378378378 0
0.8388388388388388 0
0.8398398398398398 0
0.8408408408408409 0
0.8418418418418419 0
0.8428428428428428 0
0.8438438438438438 0
0.8448448448448448 0
0.8458458458458459 0
0.8468468468468469 0
0.8478478478478478 0
0.8488488488488488 0
0.8498498498498498 0
0.8508508508508509 0
0.8518518518518519 0
0.8528528528528528 0
0.8538538538538538 0
0.8548548548548548 0
0.8558558558558559 0
0.8568568568568569 0
0.8578578578578578 0
0.8588588588588588 0
0.8598598598598598 0
0.8608608608608609 0
0.8618618618618619 0
0.8628628628628628 0
0.8638638638638638 0
0.8648648648648649 0
0.8658658658658659 0
0.8668668668668669 0
0.8678678678678678 0
0.8688688688688688 0
0.8698698698698699 0
0.8708708708708709 0
0.8718718718718719 0
0.8728728728728729 0
0.8738738738738738 0
0.8748748748748749 0
0.8758758758758759 0
0.8768768768768769 0
0.8778778778778779 0
0.8788788788788788 0
0.8798798798798799 0
0.8808808808808809 0
0.8818818818818819 0
0.8828828828828829 0
0.8838838838838838 0
0.8848848848848849 0
0.8858858858858859 0
0.8868868868868869 0
0.8878878878878879 0
0.8888888888888888 0
0.8898898898898899 0
0.8908908908908909 0
0.8918918918918919 0
0.8928928928928929 0
0.8938938938938938 0
0.8948948948948949 0
0.8958958958958959 0
0.8968968968968969 0
0.8978978978978979 0
0.8988988988988988 0
0.8998998998998999 0
0.9009009009009009 0
0.9019019019019019 0
0.9029029029029029 0
0.9039039039039038 0
0.9049049049049049 0
0.9059059059059059 0
0.9069069069069069 0
0.9079079079079079 0
0.9089089089089089 0
0.9099099099099099 0
0.9109109109109109 0
0.9119119119119119 0
0.9129129129129129 0
0.9139139139139139 0
0.9149149149149149 0
0.9159159159159159 0
0.9169169169169169 0
0.9179179179179179 0
0.9189189189189189 0
0.9199199199199199 0
0.9209209209209209 0
0.9219219219219219 0
0.9229229229229229 0
0.9239239239239239 0
0.924924924924925 0
0.9259259259259259 0
0.9269269269269269 0
0.9279279279279279 0
0.9289289289289289 0
0.92992992992993 0
0.9309309309309309 0
0.9319319319319319 0
0.9329329329329329 0
0.933933933933934 0
0.934934934934935 0
0.9359359359359359 0
0.9369369369369369 0
0.9379379379379379 0
0.938938938938939 0
0.93993993993994 0
0.9409409409409409 0
0.9419419419419419 0
0.9429429429429429 0
0.943943943943944 0
0.944944944944945 0
0.9459459459459459 0
0.9469469469469469 0
0.9479479479479479 0
0.948948948948949 0
0.94994994994995 0
0.9509509509509509 0
0.9519519519519519 0
0.9529529529529529 0
0.953953953953954 0
0.954954954954955 0
0.9559559559559559 0
0.9569569569569569 0
0.9579579579579579 0
0.958958958958959 0
0.95995995995996 0
0.960960960960961 0
0.9619619619619619 0
0.9629629629629629 0
0.963963963963964 0
0.964964964964965 0
0.965965965965966 0
0.9669669669669669 0
0.9679679679679679 0
0.968968968968969 0
0.96996996996997 0
0.970970970970971 0
0.9719719719719719 0
0.9729729729729729 0
0.973973973973974 0
0.974974974974975 0
0.975975975975976 0
0.9769769769769769 0
0.9779779779779779 0
0.978978978978979 0
0.97997997997998 0
0.980980980980981 0
0.9819819819819819 0
0.9829829829829829 0
0.983983983983984 0
0.984984984984985 0
0.985985985985986 0
0.9869869869869869 0
0.9879879879879879 0
0.988988988988989 0
0.98998998998999 0
0.990990990990991 0
0.991991991991992 0
0.992992992992993 0
0.993993993993994 0
0.994994994994995 0
0.995995995995996 0
0.996996996996997 0
0.997997997997998 0
0.998998998998999 0
1 0
