0 1
0.03125 1
0.0625 0.9999999926436628
0.09375 0.9999999921631774
0.125 0.9999998541374374
0.15625 0.9999998457847474
0.1875 0.9999985203704564
0.21875 0.9999984459864949
0.25 0.999988314473206
0.28125 0.999987765664108
0.3125 0.9999169863026974
0.34375 0.9999132031860293
0.375 0.9994795701578636
0.40625 0.9994571867375787
0.4375 0.9973535024632582
0.46875 0.9972544103823658
0.5 0.9606520804679946
0.53125 0.7152482733463864
0.5625 0.5269236047481245
0.59375 0.3811137278227957
0.625 0.2680730565314235
0.65625 0.1803864130575695
0.6875 0.115014200856131
0.71875 0.06913907509859583
0.75 0.0390276831895021
0.78125 0.02060210024048102
0.8125 0.01013719187177372
0.84375 0.004638238142873492
0.875 0.001972873533895995
0.90625 0.0007776481376630747
0.9375 0.0002869657131102528
0.96875 9.516670923321972e-05
1 3.364279849021532e-05
