0 0.9999999999999999
0.03125 0.9999999999999998
0.0625 0.9999999999821003
0.09375 0.9999999999786731
0.125 0.9999999995540171
0.15625 0.9999999994793298
0.1875 0.9999999924580094
0.21875 0.9999999912586248
0.25 0.9999998863906026
0.28125 0.9999998686477742
0.3125 0.999998382627554
0.34375 0.9999981326905306
0.375 0.9999798102157226
0.40625 0.9999767913846076
0.4375 0.9998046709295402
0.46875 0.9997776799541559
0.5 0.9502695982459489
0.53125 0.7169023600217505
0.5625 0.5375753455505574
0.59375 0.3918890405451055
0.625 0.285101231932715
0.65625 0.2109624284448051
0.6875 0.1496285727849087
0.71875 0.08714444211527148
0.75 0.03450190068530415
0.78125 0.006678197994526305
0.8125 0.0001909659286537991
0.84375 4.814417492423596e-05
0.875 4.799585886509247e-05
0.90625 3.350440646664712e-05
0.9375 1.495985692329325e-05
0.96875 1.408072381048986e-06
1 5.914718717253743e-08
