0 1
0.03125 1
0.0625 0.9999999999999998
0.09375 0.9999999999999997
0.125 0.9999999999999998
0.15625 0.9999999999999998
0.1875 1
0.21875 1
0.25 1
0.28125 1
0.3125 1
0.34375 1
0.375 1
0.40625 1
0.4375 1
0.46875 1
0.5 0.9518926133441253
0.53125 0.7037570477337332
0.5625 0.5477918431743068
0.59375 0.430312200407127
0.625 0.2531875044867063
0.65625 0.1663048709794082
0.6875 0.1651604368896817
0.71875 0.1664506329652781
0.75 0.04799761520255629
0.78125 0
0.8125 -1.558102655886219e-19
0.84375 -1.98786262121619e-19
0.875 -1.584787854778772e-19
0.90625 -1.246845569152637e-19
0.9375 9.51362748853857e-23
0.96875 6.758549735667543e-23
1 5.70643648150743e-23
