0 1
0.03125 1
0.0625 0.9999999999893774
0.09375 0.9999999999999992
0.125 0.9999999998340502
0.15625 0.9999999998247325
0.1875 0.9999999973429131
0.21875 0.9999999972349952
0.25 0.9999999734455567
0.28125 0.9999999725865094
0.3125 0.9999996390491597
0.34375 0.9999996244221903
0.375 0.9999952823285532
0.40625 0.9999951008322367
0.4375 0.9999591434654505
0.46875 0.9999579604158153
0.5 0.9521926840491972
0.53125 0.7000308715968132
0.5625 0.5523185945728879
0.59375 0.4302167861125358
0.625 0.2457444790659118
0.65625 0.166666897706083
0.6875 0.1640830643163781
0.71875 0.1654229634350893
0.75 0.0526311563299164
0.78125 0.0003779376901513148
0.8125 0.0004062947518043201
0.84375 0.0001834141422307776
0.875 0.0001606591284935446
0.90625 7.48726376728258e-05
0.9375 1.302696253165105e-05
0.96875 9.629758107887991e-07
1 4.886409604798765e-07
